0	215	50	40	255	
1	215	50	40	255	
2	215	50	40	255	
3	215	50	40	255	
4	215	50	40	255	
5	215	50	40	255	
6	215	50	40	255	
7	215	50	40	255	
8	215	50	40	255	
9	215	50	40	255	
10	250	140	90	255	
11	250	140	90	255	
12	250	140	90	255	
13	250	140	90	255	
14	250	140	90	255	
15	250	140	90	255	
16	250	140	90	255	
17	250	140	90	255	
18	250	140	90	255	
19	250	140	90	255	
20	250	140	90	255	
21	250	140	90	255	
22	250	140	90	255	
23	250	140	90	255	
24	250	140	90	255	
25	250	140	90	255	
26	250	140	90	255	
27	250	140	90	255	
28	250	140	90	255	
29	250	140	90	255	
30	250	140	90	255	
31	250	140	90	255	
32	250	140	90	255	
33	250	140	90	255	
34	250	140	90	255	
35	250	140	90	255	
36	250	140	90	255	
37	250	140	90	255	
38	250	140	90	255	
39	250	140	90	255	
40	255	200	0	255	
41	255	200	0	255	
42	255	200	0	255	
43	255	200	0	255	
44	255	200	0	255	
45	255	200	0	255	
46	255	200	0	255	
47	255	200	0	255	
48	255	200	0	255	
49	255	200	0	255	
50	255	200	0	255	
51	255	200	0	255	
52	255	200	0	255	
53	255	200	0	255	
54	255	200	0	255	
55	255	200	0	255	
56	255	200	0	255	
57	255	200	0	255	
58	255	200	0	255	
59	255	200	0	255	
60	140	200	100	255	
61	140	200	100	255	
62	140	200	100	255	
63	140	200	100	255	
64	140	200	100	255	
65	140	200	100	255	
66	140	200	100	255	
67	140	200	100	255	
68	140	200	100	255	
69	140	200	100	255	
70	140	200	100	255	
71	140	200	100	255	
72	140	200	100	255	
73	140	200	100	255	
74	140	200	100	255	
75	140	200	100	255	
76	140	200	100	255	
77	140	200	100	255	
78	140	200	100	255	
79	140	200	100	255	
80	140	200	100	255	
81	140	200	100	255	
82	140	200	100	255	
83	140	200	100	255	
84	140	200	100	255	
85	140	200	100	255	
86	140	200	100	255	
87	140	200	100	255	
88	140	200	100	255	
89	140	200	100	255	
90	0	175	0	255	
91	0	175	0	255	
92	0	175	0	255	
93	0	175	0	255	
94	0	175	0	255	
95	0	175	0	255	
96	0	175	0	255	
97	0	175	0	255	
98	0	175	0	255	
99	0	175	0	255	
100	0	175	0	255	
101	175	175	175	255	
102	255	255	255	255
103	255	255	255	255
104	255	255	255	255
105	0	100	255	255	
106	0	200	255	255
107	255	255	255	255	
108	255	255	255	255	
109	255	255	255	255	
110	255	255	255	255	
111	255	255	255	255	
112	255	255	255	255	
113	255	255	255	255	
114	255	255	255	255	
115	255	255	255	255	
116	255	255	255	255	
117	255	255	255	255	
118	255	255	255	255	
119	255	255	255	255	
120	255	255	255	255	
121	255	255	255	255	
122	255	255	255	255	
123	255	255	255	255	
124	255	255	255	255	
125	255	255	255	255	
126	255	255	255	255	
127	255	255	255	255	
128	255	255	255	255	
129	255	255	255	255	
130	255	255	255	255	
131	255	255	255	255	
132	255	255	255	255	
133	255	255	255	255	
134	255	255	255	255	
135	255	255	255	255	
136	255	255	255	255	
137	255	255	255	255	
138	255	255	255	255	
139	255	255	255	255	
140	255	255	255	255	
141	255	255	255	255	
142	255	255	255	255	
143	255	255	255	255	
144	255	255	255	255	
145	255	255	255	255	
146	255	255	255	255	
147	255	255	255	255	
148	255	255	255	255	
149	255	255	255	255	
150	255	255	255	255	
151	255	255	255	255	
152	255	255	255	255	
153	255	255	255	255	
154	255	255	255	255	
155	255	255	255	255	
156	255	255	255	255	
157	255	255	255	255	
158	255	255	255	255	
159	255	255	255	255	
160	255	255	255	255	
161	255	255	255	255	
162	255	255	255	255	
163	255	255	255	255	
164	255	255	255	255	
165	255	255	255	255	
166	255	255	255	255	
167	255	255	255	255	
168	255	255	255	255	
169	255	255	255	255	
170	255	255	255	255	
171	255	255	255	255	
172	255	255	255	255	
173	255	255	255	255	
174	255	255	255	255	
175	255	255	255	255	
176	255	255	255	255	
177	255	255	255	255	
178	255	255	255	255	
179	255	255	255	255	
180	255	255	255	255	
181	255	255	255	255	
182	255	255	255	255	
183	255	255	255	255	
184	255	255	255	255	
185	255	255	255	255	
186	255	255	255	255	
187	255	255	255	255	
188	255	255	255	255	
189	255	255	255	255	
190	255	255	255	255	
191	255	255	255	255	
192	255	255	255	255	
193	255	255	255	255	
194	255	255	255	255	
195	255	255	255	255	
196	255	255	255	255	
197	255	255	255	255	
198	255	255	255	255	
199	255	255	255	255	
200	255	255	255	255	
201	255	255	255	255	
202	255	255	255	255	
203	255	255	255	255	
204	255	255	255	255	
205	255	255	255	255	
206	255	255	255	255	
207	255	255	255	255	
208	255	255	255	255	
209	255	255	255	255	
210	255	255	255	255	
211	255	255	255	255	
212	255	255	255	255	
213	255	255	255	255	
214	255	255	255	255	
215	255	255	255	255	
216	255	255	255	255	
217	255	255	255	255	
218	255	255	255	255	
219	255	255	255	255	
220	255	255	255	255	
221	255	255	255	255	
222	255	255	255	255	
223	255	255	255	255	
224	255	255	255	255	
225	255	255	255	255	
226	255	255	255	255	
227	255	255	255	255	
228	255	255	255	255	
229	255	255	255	255	
230	255	255	255	255	
231	255	255	255	255	
232	255	255	255	255	
233	255	255	255	255	
234	255	255	255	255	
235	255	255	255	255	
236	255	255	255	255	
237	255	255	255	255	
238	255	255	255	255	
239	255	255	255	255	
240	255	255	255	255	
241	255	255	255	255	
242	255	255	255	255	
243	255	255	255	255	
244	255	255	255	255	
245	255	255	255	255	
246	255	255	255	255	
247	255	255	255	255	
248	255	255	255	255	
249	255	255	255	255	
250	255	255	255	255	
251	255	255	255	255	
252	255	255	255	255	
253	255	255	255	255	
254	255	255	255	255	
255	255	255	255	255	
