0	255	255	255	255	Missing
1	255	255	255	255	
2	255	255	255	255	
3	255	255	255	255	
4	255	255	255	255	
5	255	255	255	255	
6	255	255	255	255	
7	255	255	255	255	
8	255	255	255	255	
9	255	255	255	255	
10	255	255	255	255	
11	255	255	255	255	
12	255	255	255	255	
13	255	255	255	255	
14	255	255	255	255	
15	255	255	255	255	
16	255	255	255	255	
17	255	255	255	255	
18	255	255	255	255	
19	255	255	255	255	
20	255	255	255	255	
21	255	255	255	255	
22	255	255	255	255	
23	255	255	255	255	
24	255	255	255	255	
25	255	255	255	255	
26	255	255	255	255	
27	255	255	255	255	
28	255	255	255	255	
29	255	255	255	255	
30	255	255	255	255	
31	255	255	255	255	
32	255	255	255	255	
33	255	255	255	255	
34	255	255	255	255	
35	255	255	255	255	
36	255	255	255	255	
37	255	255	255	255	
38	255	255	255	255	
39	255	255	255	255	
40	255	255	255	255	
41	247	104	161	255	High
42	247	104	161	255	High
43	247	104	161	255	High
44	247	104	161	255	High
45	247	104	161	255	High
46	255	255	255	255	
47	255	255	255	255	
48	255	255	255	255	
49	255	255	255	255	
50	255	255	255	255	
51	240	130	60	255	Medium
52	240	130	60	255	Medium
53	240	130	60	255	Medium
54	240	130	60	255	Medium
55	240	130	60	255	Medium
56	255	255	255	255	
57	255	255	255	255	
58	255	255	255	255	
59	255	255	255	255	
60	255	255	255	255	
61	197	27	138	255	Very high
62	197	27	138	255	Very high
63	197	27	138	255	Very high
64	197	27	138	255	Very high
65	247	104	161	255	High
66	255	255	255	255	
67	255	255	255	255	
68	255	255	255	255	
69	255	255	255	255	
70	255	255	255	255	
71	197	27	138	255	Very high
72	197	27	138	255	Very high
73	197	27	138	255	Very high
74	197	27	138	255	Very high
75	197	27	138	255	Very high
76	255	255	255	255	
77	255	255	255	255	
78	255	255	255	255	
79	255	255	255	255	
80	255	255	255	255	
81	254	235	226	255	Very low
82	252	197	192	255	Low
83	252	197	192	255	Low
84	252	197	192	255	Low
85	252	197	192	255	Low
86	255	255	255	255	
87	255	255	255	255	
88	255	255	255	255	
89	255	255	255	255	
90	255	255	255	255	
91	252	197	192	255	Low
92	252	197	192	255	Low
93	252	197	192	255	Low
94	252	197	192	255	Low
95	240	130	60	255	Medium
96	255	255	255	255	
97	255	255	255	255	
98	255	255	255	255	
99	255	255	255	255	
100	255	255	255	255	
101	247	104	161	255	High
102	247	104	161	255	High
103	247	104	161	255	High
104	240	130	60	255	Medium
105	255	255	255	255	
106	255	255	255	255	
107	255	255	255	255	
108	255	255	255	255	
109	255	255	255	255	
110	255	255	255	255	
111	197	27	138	255	Very high
112	197	27	138	255	Very high
113	197	27	138	255	Very high
114	197	27	138	255	Very high
115	255	255	255	255	
116	255	255	255	255	
117	255	255	255	255	
118	255	255	255	255	
119	255	255	255	255	
120	255	255	255	255	
121	252	197	192	255	Low
122	252	197	192	255	Low
123	252	197	192	255	Low
124	252	197	192	255	Low
125	255	255	255	255	
126	255	255	255	255	
127	255	255	255	255	
128	255	255	255	255	
129	255	255	255	255	
130	255	255	255	255	
131	197	27	138	255	Very high
132	197	27	138	255	Very high
133	197	27	138	255	Very high
134	247	104	161	255	High
135	247	104	161	255	High
136	255	255	255	255	
137	255	255	255	255	
138	255	255	255	255	
139	255	255	255	255	
140	255	255	255	255	
141	240	130	60	255	Medium
142	240	130	60	255	Medium
143	240	130	60	255	Medium
144	252	197	192	255	Low
145	252	197	192	255	Low
146	255	255	255	255	
147	255	255	255	255	
148	255	255	255	255	
149	255	255	255	255	
150	255	255	255	255	
151	240	130	60	255	Medium
152	240	130	60	255	Medium
153	240	130	60	255	Medium
154	247	104	161	255	High
155	247	104	161	255	High
156	255	255	255	255	
157	255	255	255	255	
158	255	255	255	255	
159	255	255	255	255	
160	255	255	255	255	
161	255	255	255	255	
162	255	255	255	255	
163	255	255	255	255	
164	255	255	255	255	
165	255	255	255	255	
166	255	255	255	255	
167	255	255	255	255	
168	255	255	255	255	
169	255	255	255	255	
170	254	235	226	255	Very low
171	254	235	226	255	Very low
172	254	235	226	255	Very low
173	255	255	255	255	
174	255	255	255	255	
175	255	255	255	255	
176	255	255	255	255	
177	255	255	255	255	
178	255	255	255	255	
179	255	255	255	255	
180	247	104	161	255	High
181	247	104	161	255	High
182	247	104	161	255	High
183	255	255	255	255	
184	255	255	255	255	
185	255	255	255	255	
186	255	255	255	255	
187	255	255	255	255	
188	255	255	255	255	
189	255	255	255	255	
190	122	1	119	255	Extreme
191	122	1	119	255	Extreme
192	122	1	119	255	Extreme
193	255	255	255	255	
194	255	255	255	255	
195	255	255	255	255	
196	255	255	255	255	
197	255	255	255	255	
198	255	255	255	255	
199	255	255	255	255	
200	197	27	138	255	Very high
201	197	27	138	255	Very high
202	247	104	161	255	High
203	247	104	161	255	High
204	247	104	161	255	High
205	247	104	161	255	High
206	247	104	161	255	High
207	240	130	60	255	Medium
208	240	130	60	255	Medium
209	240	130	60	255	Medium
210	240	130	60	255	Medium
211	240	130	60	255	Medium
212	240	130	60	255	Medium
213	252	197	192	255	Low
214	252	197	192	255	Low
215	240	130	60	255	Medium
216	240	130	60	255	Medium
217	240	130	60	255	Medium
218	240	130	60	255	Medium
219	240	130	60	255	Medium
220	247	104	161	255	High
221	247	104	161	255	High
222	247	104	161	255	High
223	247	104	161	255	High
224	247	104	161	255	High
225	247	104	161	255	High
226	247	104	161	255	High
227	247	104	161	255	High
228	240	130	60	255	Medium
229	240	130	60	255	Medium
230	240	130	60	255	Medium
231	240	130	60	255	Medium
232	240	130	60	255	Medium
233	240	130	60	255	Medium
234	240	130	60	255	Medium
235	247	104	161	255	High
236	240	130	60	255	Medium
237	255	255	255	255	
238	255	255	255	255	
239	255	255	255	255	
240	255	255	255	255	
241	255	255	255	255	
242	255	255	255	255	
243	255	255	255	255	
244	255	255	255	255	
245	255	255	255	255	
246	255	255	255	255	
247	255	255	255	255	
248	255	255	255	255	
249	255	255	255	255	
250	255	255	255	255	
251	255	255	255	255	
252	255	255	255	255	
253	255	255	255	255	
254	255	255	255	255	
255	255	255	255	255	
