0	255	255	255	255	Missing
1	255	255	255	255	
2	255	255	255	255	
3	255	255	255	255	
4	255	255	255	255	
5	255	255	255	255	
6	255	255	255	255	
7	255	255	255	255	
8	255	255	255	255	
9	255	255	255	255	
10	255	255	255	255	
11	255	255	255	255	
12	255	255	255	255	
13	255	255	255	255	
14	255	255	255	255	
15	255	255	255	255	
16	255	255	255	255	
17	255	255	255	255	
18	255	255	255	255	
19	255	255	255	255	
20	255	255	255	255	
21	255	255	255	255	
22	255	255	255	255	
23	255	255	255	255	
24	255	255	255	255	
25	255	255	255	255	
26	255	255	255	255	
27	255	255	255	255	
28	255	255	255	255	
29	255	255	255	255	
30	255	255	255	255	
31	255	255	255	255	
32	255	255	255	255	
33	255	255	255	255	
34	255	255	255	255	
35	255	255	255	255	
36	255	255	255	255	
37	255	255	255	255	
38	255	255	255	255	
39	255	255	255	255	
40	255	255	255	255	
41	25	40	240	255	Agriculture
42	25	40	240	255	Agriculture
43	25	40	240	255	Agriculture
44	25	40	240	255	Agriculture
45	25	40	240	255	Agriculture
46	255	255	255	255	
47	255	255	255	255	
48	255	255	255	255	
49	255	255	255	255	
50	255	255	255	255	
51	25	40	240	255	Agriculture
52	25	40	240	255	Agriculture
53	25	40	240	255	Agriculture
54	25	40	240	255	Agriculture
55	25	40	240	255	Agriculture
56	255	255	255	255	
57	255	255	255	255	
58	255	255	255	255	
59	255	255	255	255	
60	255	255	255	255	
61	230	50	35	255	Developed
62	230	50	35	255	Developed
63	230	50	35	255	Developed
64	230	50	35	255	Developed
65	230	50	35	255	Developed
66	255	255	255	255	
67	255	255	255	255	
68	255	255	255	255	
69	255	255	255	255	
70	255	255	255	255	
71	230	50	35	255	Developed
72	230	50	35	255	Developed
73	230	50	35	255	Developed
74	230	50	35	255	Developed
75	230	50	35	255	Developed
76	255	255	255	255	
77	255	255	255	255	
78	255	255	255	255	
79	255	255	255	255	
80	255	255	255	255	
81	125	250	75	255	Natural
82	125	250	75	255	Natural
83	125	250	75	255	Natural
84	125	250	75	255	Natural
85	125	250	75	255	Natural
86	255	255	255	255	
87	255	255	255	255	
88	255	255	255	255	
89	255	255	255	255	
90	255	255	255	255	
91	125	250	75	255	Natural
92	125	250	75	255	Natural
93	125	250	75	255	Natural
94	125	250	75	255	Natural
95	125	250	75	255	Natural
96	255	255	255	255	
97	255	255	255	255	
98	255	255	255	255	
99	255	255	255	255	
100	255	255	255	255	
101	25	40	240	255	Agriculture
102	25	40	240	255	Agriculture
103	25	40	240	255	Agriculture
104	25	40	240	255	Agriculture
105	255	255	255	255	
106	255	255	255	255	
107	255	255	255	255	
108	255	255	255	255	
109	255	255	255	255	
110	255	255	255	255	
111	230	50	35	255	Developed
112	230	50	35	255	Developed
113	230	50	35	255	Developed
114	230	50	35	255	Developed
115	255	255	255	255	
116	255	255	255	255	
117	255	255	255	255	
118	255	255	255	255	
119	255	255	255	255	
120	255	255	255	255	
121	125	250	75	255	Natural
122	125	250	75	255	Natural
123	125	250	75	255	Natural
124	125	250	75	255	Natural
125	255	255	255	255	
126	255	255	255	255	
127	255	255	255	255	
128	255	255	255	255	
129	255	255	255	255	
130	255	255	255	255	
131	140	140	140	255	Mixed
132	140	140	140	255	Mixed
133	140	140	140	255	Mixed
134	140	140	140	255	Mixed
135	140	140	140	255	Mixed
136	255	255	255	255	
137	255	255	255	255	
138	255	255	255	255	
139	255	255	255	255	
140	255	255	255	255	
141	140	140	140	255	Mixed
142	140	140	140	255	Mixed
143	140	140	140	255	Mixed
144	140	140	140	255	Mixed
145	140	140	140	255	Mixed
146	255	255	255	255	
147	255	255	255	255	
148	255	255	255	255	
149	255	255	255	255	
150	255	255	255	255	
151	140	140	140	255	Mixed
152	140	140	140	255	Mixed
153	140	140	140	255	Mixed
154	140	140	140	255	Mixed
155	140	140	140	255	Mixed
156	255	255	255	255	
157	255	255	255	255	
158	255	255	255	255	
159	255	255	255	255	
160	255	255	255	255	
161	255	255	255	255	
162	255	255	255	255	
163	255	255	255	255	
164	255	255	255	255	
165	255	255	255	255	
166	255	255	255	255	
167	255	255	255	255	
168	255	255	255	255	
169	255	255	255	255	
170	125	250	75	255	Natural
171	125	250	75	255	Natural
172	125	250	75	255	Natural
173	255	255	255	255	
174	255	255	255	255	
175	255	255	255	255	
176	255	255	255	255	
177	255	255	255	255	
178	255	255	255	255	
179	255	255	255	255	
180	25	40	240	255	Agriculture
181	25	40	240	255	Agriculture
182	25	40	240	255	Agriculture
183	255	255	255	255	
184	255	255	255	255	
185	255	255	255	255	
186	255	255	255	255	
187	255	255	255	255	
188	255	255	255	255	
189	255	255	255	255	
190	230	50	35	255	Developed
191	230	50	35	255	Developed
192	230	50	35	255	Developed
193	255	255	255	255	
194	255	255	255	255	
195	255	255	255	255	
196	255	255	255	255	
197	255	255	255	255	
198	255	255	255	255	
199	255	255	255	255	
200	140	140	140	255	Mixed
201	140	140	140	255	Mixed
202	140	140	140	255	Mixed
203	140	140	140	255	Mixed
204	140	140	140	255	Mixed
205	140	140	140	255	Mixed
206	140	140	140	255	Mixed
207	140	140	140	255	Mixed
208	140	140	140	255	Mixed
209	140	140	140	255	Mixed
210	140	140	140	255	Mixed
211	140	140	140	255	Mixed
212	140	140	140	255	Mixed
213	140	140	140	255	Mixed
214	140	140	140	255	Mixed
215	140	140	140	255	Mixed
216	140	140	140	255	Mixed
217	140	140	140	255	Mixed
218	140	140	140	255	Mixed
219	140	140	140	255	Mixed
220	140	140	140	255	Mixed
221	140	140	140	255	Mixed
222	140	140	140	255	Mixed
223	140	140	140	255	Mixed
224	140	140	140	255	Mixed
225	140	140	140	255	Mixed
226	140	140	140	255	Mixed
227	140	140	140	255	Mixed
228	140	140	140	255	Mixed
229	140	140	140	255	Mixed
230	140	140	140	255	Mixed
231	140	140	140	255	Mixed
232	140	140	140	255	Mixed
233	140	140	140	255	Mixed
234	140	140	140	255	Mixed
235	140	140	140	255	Mixed
236	140	140	140	255	Mixed
237	255	255	255	255	
238	255	255	255	255	
239	255	255	255	255	
240	255	255	255	255	
241	255	255	255	255	
242	255	255	255	255	
243	255	255	255	255	
244	255	255	255	255	
245	255	255	255	255	
246	255	255	255	255	
247	255	255	255	255	
248	255	255	255	255	
249	255	255	255	255	
250	255	255	255	255	
251	255	255	255	255	
252	255	255	255	255	
253	255	255	255	255	
254	255	255	255	255	
255	255	255	255	255	
