0	255	255	255	255	Missing
1	255	255	255	255	
2	255	255	255	255	
3	255	255	255	255	
4	255	255	255	255	
5	255	255	255	255	
6	255	255	255	255	
7	255	255	255	255	
8	255	255	255	255	
9	255	255	255	255	
10	255	255	255	255	
11	255	255	255	255	
12	255	255	255	255	
13	255	255	255	255	
14	255	255	255	255	
15	255	255	255	255	
16	255	255	255	255	
17	255	255	255	255	
18	255	255	255	255	
19	255	255	255	255	
20	255	255	255	255	
21	255	255	255	255	
22	255	255	255	255	
23	255	255	255	255	
24	255	255	255	255	
25	255	255	255	255	
26	255	255	255	255	
27	255	255	255	255	
28	255	255	255	255	
29	255	255	255	255	
30	255	255	255	255	
31	255	255	255	255	
32	255	255	255	255	
33	255	255	255	255	
34	255	255	255	255	
35	255	255	255	255	
36	255	255	255	255	
37	255	255	255	255	
38	255	255	255	255	
39	255	255	255	255	
40	255	255	255	255	
41	180	220	240	255	Dual
42	180	220	240	255	Dual
43	180	220	240	255	Dual
44	180	220	240	255	Dual
45	180	220	240	255	Dual
46	255	255	255	255	
47	255	255	255	255	
48	255	255	255	255	
49	255	255	255	255	
50	255	255	255	255	
51	180	220	240	255	Dual
52	180	220	240	255	Dual
53	180	220	240	255	Dual
54	180	220	240	255	Dual
55	180	220	240	255	Dual
56	255	255	255	255	
57	255	255	255	255	
58	255	255	255	255	
59	255	255	255	255	
60	255	255	255	255	
61	180	220	240	255	Dual
62	180	220	240	255	Dual
63	180	220	240	255	Dual
64	180	220	240	255	Dual
65	180	220	240	255	Dual
66	255	255	255	255	
67	255	255	255	255	
68	255	255	255	255	
69	255	255	255	255	
70	255	255	255	255	
71	180	220	240	255	Dual
72	180	220	240	255	Dual
73	180	220	240	255	Dual
74	180	220	240	255	Dual
75	180	220	240	255	Dual
76	255	255	255	255	
77	255	255	255	255	
78	255	255	255	255	
79	255	255	255	255	
80	255	255	255	255	
81	180	220	240	255	Dual
82	180	220	240	255	Dual
83	180	220	240	255	Dual
84	180	220	240	255	Dual
85	180	220	240	255	Dual
86	255	255	255	255	
87	255	255	255	255	
88	255	255	255	255	
89	255	255	255	255	
90	255	255	255	255	
91	180	220	240	255	Dual
92	180	220	240	255	Dual
93	180	220	240	255	Dual
94	180	220	240	255	Dual
95	180	220	240	255	Dual
96	255	255	255	255	
97	255	255	255	255	
98	255	255	255	255	
99	255	255	255	255	
100	255	255	255	255	
101	250	180	100	255	Triple
102	250	180	100	255	Triple
103	250	180	100	255	Triple
104	250	180	100	255	Triple
105	255	255	255	255	
106	255	255	255	255	
107	255	255	255	255	
108	255	255	255	255	
109	255	255	255	255	
110	255	255	255	255	
111	250	180	100	255	Triple
112	250	180	100	255	Triple
113	250	180	100	255	Triple
114	250	180	100	255	Triple
115	255	255	255	255	
116	255	255	255	255	
117	255	255	255	255	
118	255	255	255	255	
119	255	255	255	255	
120	255	255	255	255	
121	250	180	100	255	Triple
122	250	180	100	255	Triple
123	250	180	100	255	Triple
124	250	180	100	255	Triple
125	255	255	255	255	
126	255	255	255	255	
127	255	255	255	255	
128	255	255	255	255	
129	255	255	255	255	
130	255	255	255	255	
131	180	220	240	255	Dual
132	180	220	240	255	Dual
133	180	220	240	255	Dual
134	180	220	240	255	Dual
135	180	220	240	255	Dual
136	255	255	255	255	
137	255	255	255	255	
138	255	255	255	255	
139	255	255	255	255	
140	255	255	255	255	
141	180	220	240	255	Dual
142	180	220	240	255	Dual
143	180	220	240	255	Dual
144	180	220	240	255	Dual
145	180	220	240	255	Dual
146	255	255	255	255	
147	255	255	255	255	
148	255	255	255	255	
149	255	255	255	255	
150	255	255	255	255	
151	180	220	240	255	Dual
152	180	220	240	255	Dual
153	180	220	240	255	Dual
154	180	220	240	255	Dual
155	180	220	240	255	Dual
156	255	255	255	255	
157	255	255	255	255	
158	255	255	255	255	
159	255	255	255	255	
160	255	255	255	255	
161	255	255	255	255	
162	255	255	255	255	
163	255	255	255	255	
164	255	255	255	255	
165	255	255	255	255	
166	255	255	255	255	
167	255	255	255	255	
168	255	255	255	255	
169	255	255	255	255	
170	50	140	190	255	Uniform
171	50	140	190	255	Uniform
172	50	140	190	255	Uniform
173	255	255	255	255	
174	255	255	255	255	
175	255	255	255	255	
176	255	255	255	255	
177	255	255	255	255	
178	255	255	255	255	
179	255	255	255	255	
180	50	140	190	255	Uniform
181	50	140	190	255	Uniform
182	50	140	190	255	Uniform
183	255	255	255	255	
184	255	255	255	255	
185	255	255	255	255	
186	255	255	255	255	
187	255	255	255	255	
188	255	255	255	255	
189	255	255	255	255	
190	50	140	190	255	Uniform
191	50	140	190	255	Uniform
192	50	140	190	255	Uniform
193	255	255	255	255	
194	255	255	255	255	
195	255	255	255	255	
196	255	255	255	255	
197	255	255	255	255	
198	255	255	255	255	
199	255	255	255	255	
200	250	180	100	255	Triple
201	250	180	100	255	Triple
202	250	180	100	255	Triple
203	250	180	100	255	Triple
204	250	180	100	255	Triple
205	250	180	100	255	Triple
206	250	180	100	255	Triple
207	220	25	25	255	Intermix
208	250	180	100	255	Triple
209	250	180	100	255	Triple
210	250	180	100	255	Triple
211	250	180	100	255	Triple
212	250	180	100	255	Triple
213	250	180	100	255	Triple
214	250	180	100	255	Triple
215	220	25	25	255	Intermix
216	250	180	100	255	Triple
217	250	180	100	255	Triple
218	250	180	100	255	Triple
219	250	180	100	255	Triple
220	250	180	100	255	Triple
221	250	180	100	255	Triple
222	250	180	100	255	Triple
223	220	25	25	255	Intermix
224	220	25	25	255	Intermix
225	220	25	25	255	Intermix
226	220	25	25	255	Intermix
227	220	25	25	255	Intermix
228	220	25	25	255	Intermix
229	220	25	25	255	Intermix
230	220	25	25	255	Intermix
231	220	25	25	255	Intermix
232	220	25	25	255	Intermix
233	220	25	25	255	Intermix
234	220	25	25	255	Intermix
235	220	25	25	255	Intermix
236	220	25	25	255	Intermix
237	255	255	255	255	
238	255	255	255	255	
239	255	255	255	255	
240	255	255	255	255	
241	255	255	255	255	
242	255	255	255	255	
243	255	255	255	255	
244	255	255	255	255	
245	255	255	255	255	
246	255	255	255	255	
247	255	255	255	255	
248	255	255	255	255	
249	255	255	255	255	
250	255	255	255	255	
251	255	255	255	255	
252	255	255	255	255	
253	255	255	255	255	
254	255	255	255	255	
255	255	255	255	255	
