0	255	255	255	255	Missing
1	255	255	255	255	
2	255	255	255	255	
3	255	255	255	255	
4	255	255	255	255	
5	255	255	255	255	
6	255	255	255	255	
7	255	255	255	255	
8	255	255	255	255	
9	255	255	255	255	
10	255	255	255	255	
11	255	255	255	255	
12	255	255	255	255	
13	255	255	255	255	
14	255	255	255	255	
15	255	255	255	255	
16	255	255	255	255	
17	255	255	255	255	
18	255	255	255	255	
19	255	255	255	255	
20	255	255	255	255	
21	255	255	255	255	
22	255	255	255	255	
23	255	255	255	255	
24	255	255	255	255	
25	255	255	255	255	
26	255	255	255	255	
27	255	255	255	255	
28	255	255	255	255	
29	255	255	255	255	
30	255	255	255	255	
31	255	255	255	255	
32	255	255	255	255	
33	255	255	255	255	
34	255	255	255	255	
35	255	255	255	255	
36	255	255	255	255	
37	255	255	255	255	
38	255	255	255	255	
39	255	255	255	255	
40	255	255	255	255	
41	140	140	140	255	NAT-minor
42	140	140	140	255	NAT-minor
43	140	140	140	255	NAT-minor
44	140	140	140	255	NAT-minor
45	140	140	140	255	NAT-minor
46	255	255	255	255	
47	255	255	255	255	
48	255	255	255	255	
49	255	255	255	255	
50	255	255	255	255	
51	180	140	20	255	NAT-subdominant
52	180	140	20	255	NAT-subdominant
53	180	140	20	255	NAT-subdominant
54	180	140	20	255	NAT-subdominant
55	180	140	20	255	NAT-subdominant
56	255	255	255	255	
57	255	255	255	255	
58	255	255	255	255	
59	255	255	255	255	
60	255	255	255	255	
61	180	140	20	255	NAT-subdominant
62	180	140	20	255	NAT-subdominant
63	180	140	20	255	NAT-subdominant
64	180	140	20	255	NAT-subdominant
65	180	140	20	255	NAT-subdominant
66	255	255	255	255	
67	255	255	255	255	
68	255	255	255	255	
69	255	255	255	255	
70	255	255	255	255	
71	140	140	140	255	NAT-minor
72	140	140	140	255	NAT-minor
73	140	140	140	255	NAT-minor
74	140	140	140	255	NAT-minor
75	140	140	140	255	NAT-minor
76	255	255	255	255	
77	255	255	255	255	
78	255	255	255	255	
79	255	255	255	255	
80	255	255	255	255	
81	20	140	20	255	NAT-dominant
82	20	140	20	255	NAT-dominant
83	20	140	20	255	NAT-dominant
84	20	140	20	255	NAT-dominant
85	20	140	20	255	NAT-dominant
86	255	255	255	255	
87	255	255	255	255	
88	255	255	255	255	
89	255	255	255	255	
90	255	255	255	255	
91	20	140	20	255	NAT-dominant
92	20	140	20	255	NAT-dominant
93	20	140	20	255	NAT-dominant
94	20	140	20	255	NAT-dominant
95	20	140	20	255	NAT-dominant
96	255	255	255	255	
97	255	255	255	255	
98	255	255	255	255	
99	255	255	255	255	
100	255	255	255	255	
101	180	140	20	255	NAT-subdominant
102	180	140	20	255	NAT-subdominant
103	180	140	20	255	NAT-subdominant
104	180	140	20	255	NAT-subdominant
105	255	255	255	255	
106	255	255	255	255	
107	255	255	255	255	
108	255	255	255	255	
109	255	255	255	255	
110	255	255	255	255	
111	180	140	20	255	NAT-subdominant
112	180	140	20	255	NAT-subdominant
113	180	140	20	255	NAT-subdominant
114	180	140	20	255	NAT-subdominant
115	255	255	255	255	
116	255	255	255	255	
117	255	255	255	255	
118	255	255	255	255	
119	255	255	255	255	
120	255	255	255	255	
121	20	140	20	255	NAT-dominant
122	20	140	20	255	NAT-dominant
123	20	140	20	255	NAT-dominant
124	20	140	20	255	NAT-dominant
125	255	255	255	255	
126	255	255	255	255	
127	255	255	255	255	
128	255	255	255	255	
129	255	255	255	255	
130	255	255	255	255	
131	140	140	140	255	NAT-minor
132	140	140	140	255	NAT-minor
133	140	140	140	255	NAT-minor
134	140	140	140	255	NAT-minor
135	140	140	140	255	NAT-minor
136	255	255	255	255	
137	255	255	255	255	
138	255	255	255	255	
139	255	255	255	255	
140	255	255	255	255	
141	180	140	20	255	NAT-subdominant
142	180	140	20	255	NAT-subdominant
143	180	140	20	255	NAT-subdominant
144	180	140	20	255	NAT-subdominant
145	180	140	20	255	NAT-subdominant
146	255	255	255	255	
147	255	255	255	255	
148	255	255	255	255	
149	255	255	255	255	
150	255	255	255	255	
151	180	140	20	255	NAT-subdominant
152	180	140	20	255	NAT-subdominant
153	180	140	20	255	NAT-subdominant
154	180	140	20	255	NAT-subdominant
155	180	140	20	255	NAT-subdominant
156	255	255	255	255	
157	255	255	255	255	
158	255	255	255	255	
159	255	255	255	255	
160	255	255	255	255	
161	255	255	255	255	
162	255	255	255	255	
163	255	255	255	255	
164	255	255	255	255	
165	255	255	255	255	
166	255	255	255	255	
167	255	255	255	255	
168	255	255	255	255	
169	255	255	255	255	
170	20	140	20	255	NAT-dominant
171	20	140	20	255	NAT-dominant
172	20	140	20	255	NAT-dominant
173	255	255	255	255	
174	255	255	255	255	
175	255	255	255	255	
176	255	255	255	255	
177	255	255	255	255	
178	255	255	255	255	
179	255	255	255	255	
180	140	140	140	255	NAT-minor
181	140	140	140	255	NAT-minor
182	140	140	140	255	NAT-minor
183	255	255	255	255	
184	255	255	255	255	
185	255	255	255	255	
186	255	255	255	255	
187	255	255	255	255	
188	255	255	255	255	
189	255	255	255	255	
190	140	140	140	255	NAT-minor
191	140	140	140	255	NAT-minor
192	140	140	140	255	NAT-minor
193	255	255	255	255	
194	255	255	255	255	
195	255	255	255	255	
196	255	255	255	255	
197	255	255	255	255	
198	255	255	255	255	
199	255	255	255	255	
200	180	140	20	255	NAT-subdominant
201	180	140	20	255	NAT-subdominant
202	180	140	20	255	NAT-subdominant
203	180	140	20	255	NAT-subdominant
204	180	140	20	255	NAT-subdominant
205	180	140	20	255	NAT-subdominant
206	180	140	20	255	NAT-subdominant
207	180	140	20	255	NAT-subdominant
208	180	140	20	255	NAT-subdominant
209	180	140	20	255	NAT-subdominant
210	180	140	20	255	NAT-subdominant
211	180	140	20	255	NAT-subdominant
212	180	140	20	255	NAT-subdominant
213	180	140	20	255	NAT-subdominant
214	180	140	20	255	NAT-subdominant
215	180	140	20	255	NAT-subdominant
216	180	140	20	255	NAT-subdominant
217	180	140	20	255	NAT-subdominant
218	180	140	20	255	NAT-subdominant
219	180	140	20	255	NAT-subdominant
220	180	140	20	255	NAT-subdominant
221	180	140	20	255	NAT-subdominant
222	180	140	20	255	NAT-subdominant
223	180	140	20	255	NAT-subdominant
224	180	140	20	255	NAT-subdominant
225	180	140	20	255	NAT-subdominant
226	180	140	20	255	NAT-subdominant
227	180	140	20	255	NAT-subdominant
228	180	140	20	255	NAT-subdominant
229	180	140	20	255	NAT-subdominant
230	180	140	20	255	NAT-subdominant
231	180	140	20	255	NAT-subdominant
232	180	140	20	255	NAT-subdominant
233	180	140	20	255	NAT-subdominant
234	180	140	20	255	NAT-subdominant
235	180	140	20	255	NAT-subdominant
236	180	140	20	255	NAT-subdominant
237	255	255	255	255	
238	255	255	255	255	
239	255	255	255	255	
240	255	255	255	255	
241	255	255	255	255	
242	255	255	255	255	
243	255	255	255	255	
244	255	255	255	255	
245	255	255	255	255	
246	255	255	255	255	
247	255	255	255	255	
248	255	255	255	255	
249	255	255	255	255	
250	255	255	255	255	
251	255	255	255	255	
252	255	255	255	255	
253	255	255	255	255	
254	255	255	255	255	
255	255	255	255	255	
